_metadata.master_key.0.salt = 3K7ha/bbdvNHjlslQKrnAZkghCriaSRP9UkVJK9OZf4=
_metadata.symmetric_key.0.created_at = 2020-07-31 21:53:18.225265 -0700 PDT m=+0.049621761
